0.266141000000000016
0.454529000000000016
0.556292000000000009
0.626807000999999975
0.665914000999999978
0.712996001000000046
0.745474001000000053
0.778389000999999969
0.815157000000000020
0.846340000999999953
0.879500999999999977
0.913298999999999972
0.946044000999999968
0.980788000999999965
1.012014001000000052
1.047387000999999929
1.089291000000000009
1.119843001000000005
1.160374000000000017
1.204083001000000097
1.243521000000000098
1.288402000999999908
1.322887001000000007
1.327172999999999936
